118787371
118452534
118717360
118502570
118692541
118504315
118947999
119065683
118662408
118486143
118533856
118450051
119086215
118644724
118901370
118814687
119086153
119194559
118764079
118506046
118901368
118945268
119059208
117442646
117442553
114669513
119207410
119105129
118956872
117727374
119047177
118952096
119093950
118533862
118996444
118103768
118886293
118758151
118966904
118524678
118662560
118573013
118788420
118681801
119070535
117530673
119188258
119189535
119027557
119192780
118569298
112117437
92083845
92083837
110573597
3771334
1394134
301162
301185
305004
326538
119105765
118569298